0.00 5.00 
0.10 7.75 
0.20 11.06 
0.30 14.43 
0.40 17.74 
0.50 20.84 
0.60 23.60 
0.70 25.94 
0.80 27.80 
0.90 29.12 
1.00 29.91 
1.10 30.18 
1.20 29.97 
1.30 29.33 
1.40 28.32 
1.50 27.04 
1.60 25.56 
1.70 23.97 
1.80 22.36 
1.90 20.79 
2.00 19.33 
2.10 18.04 
2.20 16.96 
2.30 16.12 
2.40 15.53 
2.50 15.20 
2.60 15.12 
2.70 15.27 
2.80 15.61 
2.90 16.12 
3.00 16.76 
3.10 17.48 
3.20 18.25 
3.30 19.02 
3.40 19.76 
3.50 20.45 
3.60 21.05 
3.70 21.55 
3.80 21.93 
3.90 22.18 
4.00 22.32 
4.10 22.33 
4.20 22.24 
4.30 22.06 
4.40 21.81 
4.50 21.49 
4.60 21.14 
4.70 20.77 
4.80 20.40 
4.90 20.05 
5.00 19.73 
5.10 19.45 
5.20 19.22 
5.30 19.05 
5.40 18.94 
5.50 18.88 
5.60 18.89 
5.70 18.94 
5.80 19.03 
5.90 19.16 
6.00 19.32 
6.10 19.49 
6.20 19.67 
6.30 19.84 
6.40 20.01 
6.50 20.16 
6.60 20.29 
6.70 20.39 
6.80 20.47 
6.90 20.52 
7.00 20.54 
7.10 20.53 
7.20 20.50 
7.30 20.45 
7.40 20.39 
7.50 20.31 
7.60 20.23 
7.70 20.14 
7.80 20.06 
7.90 19.98 
8.00 19.91 
8.10 19.85 
8.20 19.80 
8.30 19.77 
8.40 19.75 
8.50 19.74 
8.60 19.75 
8.70 19.76 
8.80 19.79 
8.90 19.82 
9.00 19.86 
9.10 19.90 
9.20 19.94 
9.30 19.98 
9.40 20.02 
9.50 20.05 
9.60 20.08 
9.70 20.10 
9.80 20.11 
9.90 20.12 
